<?xml version="1.0"?>
<opencv_storage>
<calibration_time>"Fri 22 Sep 2023 02:39:18 PM CEST"</calibration_time>
<nr_of_frames>25</nr_of_frames>
<image_width>640</image_width>
<image_height>480</image_height>
<board_width>8</board_width>
<board_height>5</board_height>
<square_size>50.</square_size>
<fix_aspect_ratio>1.</fix_aspect_ratio>
<!-- flags: +fix_aspectRatio +fix_principal_point +zero_tangent_dist -->
<flags>14</flags>
<fisheye_model>0</fisheye_model>
<camera_matrix type_id="opencv-matrix">
  <rows>3</rows>
  <cols>3</cols>
  <dt>d</dt>
  <data>
    4.6988044825176883e+02 0. 3.1950000000000000e+02 0.
    4.6988044825176883e+02 2.3950000000000000e+02 0. 0. 1.</data></camera_matrix>
<distortion_coefficients type_id="opencv-matrix">
  <rows>5</rows>
  <cols>1</cols>
  <dt>d</dt>
  <data>
    1.3915790847346321e-01 -1.3795852465786815e-01 0. 0.
    7.2958444468512714e-03</data></distortion_coefficients>
<avg_reprojection_error>6.5301916748501465e-01</avg_reprojection_error>
<per_view_reprojection_errors type_id="opencv-matrix">
  <rows>25</rows>
  <cols>1</cols>
  <dt>f</dt>
  <data>
    3.07092577e-01 3.05984586e-01 2.84357518e-01 2.19066575e-01
    1.63653627e-01 2.79589921e-01 2.35024214e-01 2.25816995e-01
    3.07731152e-01 3.00922304e-01 3.29520851e-01 3.73563111e-01
    3.59214574e-01 3.65573734e-01 2.95682162e-01 3.53306085e-01
    1.20856082e+00 1.81351578e+00 1.73636806e+00 3.78214806e-01
    6.58594966e-01 6.09454334e-01 4.59842205e-01 4.31651235e-01
    3.37829947e-01</data></per_view_reprojection_errors>
<!-- a set of 6-tuples (rotation vector + translation vector) for each view -->
<extrinsic_parameters type_id="opencv-matrix">
  <rows>25</rows>
  <cols>6</cols>
  <dt>d</dt>
  <data>
    -5.9466855118141204e-01 4.0262132493147551e-01
    2.8166119941478533e+00 -5.1890260571590419e-01
    -7.9464408771153060e+01 1.3234888582901738e+03
    -5.7106007587509056e-01 3.8500171065355393e-01
    2.8421512473419570e+00 1.8516405036445210e+01
    -7.9165998159145843e+01 1.3146787532527192e+03
    -5.4094748828527417e-01 3.5655852298454077e-01
    2.8818379795911451e+00 6.6170017265183887e+01
    -7.6823994100307473e+01 1.3563424054864918e+03
    -3.0209115655976018e-02 2.2397933747578944e-01
    3.0669509689013532e+00 1.9337943903998448e+02
    -7.1819045464149823e+01 1.3618693249118335e+03
    -2.8760391780840477e-01 -4.8590524448185561e-02
    -3.1215456932472567e+00 3.4228959190405737e+02
    -5.0176673061911970e+01 1.3091036704658650e+03
    -4.5960262137590263e-01 -6.5015211760774015e-03
    -3.0546655027543879e+00 4.1681808577242998e+02
    -1.9758689111888494e+01 1.2506603782433863e+03
    -3.3859938869858230e-01 -1.0625484074618551e-01
    -3.0725375805512183e+00 3.8559952253105257e+02
    2.2749305634249030e+01 1.2900349863568813e+03
    -1.1446001903454253e-01 -5.5320229193031767e-01
    -3.0614651986024040e+00 3.2453709950549609e+02
    1.6823789489059956e+02 1.3034887352962935e+03
    -1.7390955249828106e-02 -9.8910139380419659e-01
    -2.9098697981064467e+00 2.8218238026120503e+02
    2.5813753936487859e+02 1.2914490039852067e+03
    -1.9577336458967344e-02 -1.0353507438589669e+00
    -2.9335278659105963e+00 2.3318070331685382e+02
    3.1241521728408861e+02 1.3221784758795009e+03
    -4.5976216392585922e-01 -7.7649745931720660e-01
    -2.8952871985252568e+00 3.3762491470801945e+02
    3.2561584581065699e+02 1.2218733581215222e+03
    -8.4477351629726594e-01 -5.5797919654835570e-01
    -2.7888141160882833e+00 4.9386065200966385e+02
    3.3569154546102260e+02 1.0912344808652783e+03
    -9.4916863988467104e-01 -5.8128512170092694e-01
    -2.6922071799606742e+00 5.4188918956391103e+02
    3.6023240026593635e+02 1.0460365042686958e+03
    -5.8727865535278101e-01 -6.7033893552616697e-01
    -2.7888504674269075e+00 4.6162843446272490e+02
    3.6273097448309915e+02 1.1235176415077510e+03 4.3408594491675656e-01
    -7.9157322208756964e-01 -2.8899031374929351e+00
    2.6986647899478641e+02 4.3385876263476314e+02 1.3593346946147731e+03
    8.4100043960132287e-01 -5.6239823762189900e-01
    -2.9170604460483576e+00 3.8220158347904544e+01
    3.9488192233279602e+02 1.3370133265839477e+03
    -1.1724396208242054e+00 3.9845414292699444e-01
    2.8452153592361999e+00 -8.9701550348778014e+01
    3.5029334392655397e+02 1.3464936373880435e+03
    -1.1872233361711080e+00 4.5422682405890635e-01
    2.7941146388598708e+00 -1.0055840501446482e+02
    3.3666139798919932e+02 1.3548335367847187e+03
    -1.1536753669451574e+00 4.1676507285698006e-01
    2.8588516108017754e+00 -1.0643172139611075e+02
    2.9807222454279764e+02 1.3744753166606126e+03 1.0476607236980910e+00
    2.6802753716008740e-02 -2.8867765217466879e+00
    -1.1656618599097247e+02 1.4260313604680431e+02
    1.3891750084545249e+03 1.0423363301331483e+00 3.5119969300269915e-01
    -2.8764072376995258e+00 -1.2125705734254663e+02
    8.7690229709240228e+01 1.3843406627173890e+03 1.0212721337677020e+00
    6.1676368465833442e-01 -2.8618993752572761e+00
    -1.1043829428505963e+02 6.1004958670062884e+01
    1.3438057276058482e+03 1.0117149391691316e+00 6.3496244988264328e-01
    -2.8701820236261599e+00 -1.1285740000818586e+02
    6.0128498032013574e+01 1.3285295241096101e+03 9.6404757695908949e-01
    6.0375375546682464e-01 -2.8896903131304983e+00
    -1.0736491803310673e+02 6.0030858304680748e+01
    1.3296160878158291e+03 4.8360259551552359e-01 8.2006545706308132e-01
    -2.9765920078219299e+00 5.7238815503457525e+00
    -6.4740964993052771e+01 1.3198075682339681e+03</data></extrinsic_parameters>
