<?xml version="1.0"?>
<opencv_storage>
<calibration_time>"Tue 21 May 2024 09:55:01 AM CEST"</calibration_time>
<nr_of_frames>25</nr_of_frames>
<image_width>640</image_width>
<image_height>480</image_height>
<board_width>9</board_width>
<board_height>6</board_height>
<square_size>24.</square_size>
<fix_aspect_ratio>1.</fix_aspect_ratio>
<!-- flags: +fix_aspectRatio +zero_tangent_dist -->
<flags>10</flags>
<fisheye_model>0</fisheye_model>
<camera_matrix type_id="opencv-matrix">
  <rows>3</rows>
  <cols>3</cols>
  <dt>d</dt>
  <data>
    6.7218267671748583e+02 0. 3.1255810768871504e+02 0.
    6.7218267671748583e+02 2.4336452431245476e+02 0. 0. 1.</data></camera_matrix>
<distortion_coefficients type_id="opencv-matrix">
  <rows>5</rows>
  <cols>1</cols>
  <dt>d</dt>
  <data>
    1.4333338161492018e-01 -1.1469172232065625e+00 0. 0.
    2.1065548424564717e+00</data></distortion_coefficients>
<avg_reprojection_error>4.1189594006978264e-01</avg_reprojection_error>
<per_view_reprojection_errors type_id="opencv-matrix">
  <rows>25</rows>
  <cols>1</cols>
  <dt>f</dt>
  <data>
    2.95561343e-01 3.74380976e-01 4.14171785e-01 3.20864707e-01
    3.52596045e-01 3.99473578e-01 4.27702039e-01 3.61288518e-01
    3.33259344e-01 3.76124561e-01 3.19179565e-01 3.76780272e-01
    4.02124047e-01 4.47927594e-01 4.43004161e-01 5.70401549e-01
    5.13432741e-01 4.77934301e-01 4.88630354e-01 5.16376853e-01
    3.50497365e-01 4.18603569e-01 3.89718324e-01 3.98055345e-01
    3.94862443e-01</data></per_view_reprojection_errors>
<!-- a set of 6-tuples (rotation vector + translation vector) for each view -->
<extrinsic_parameters type_id="opencv-matrix">
  <rows>25</rows>
  <cols>6</cols>
  <dt>d</dt>
  <data>
    -1.2812285097637155e-01 -2.3253027872515812e-02
    3.2690788732549103e-02 -1.1214061603372814e+02
    -4.4009183169626915e+01 3.1501808392022997e+02
    -1.7301325473340318e-01 -1.8225087887592310e-02
    2.3360556389366832e-02 -1.1307590533582585e+02
    -4.3751229995943753e+01 3.0090415486740005e+02
    -1.7646559448467813e-01 -1.3624866048096951e-02
    1.0652061556664450e-02 -1.1198510436903319e+02
    -4.8005657800092507e+01 2.7712781375013617e+02
    -1.5149033001589898e-01 -7.5473466940688752e-03
    1.7532304061588743e-02 -1.1346538773115265e+02
    -4.6059902848246928e+01 2.8077157874013750e+02
    -1.4972023827903358e-01 3.6938730308731932e-02
    2.1844718939213463e-02 -1.1409575789990981e+02
    -4.5619682515066835e+01 2.8343375553476994e+02
    1.8981550329247789e-02 2.3594435341431458e-01
    -2.9194954611976732e-03 -1.0666982287395464e+02
    -4.2476238262286543e+01 3.2060950942583116e+02
    7.5684813672953336e-02 8.2771902259248881e-02
    -1.0372160789903011e-02 -1.1231606994955534e+02
    -4.1164915158070784e+01 3.1178626517538044e+02
    6.7891005125008175e-02 -1.7642078861682320e-01
    1.0416672772324149e-02 -1.2521634317412263e+02
    -4.0822446276175299e+01 2.9019092983533835e+02
    -3.3165587243286991e-02 -1.2816761464606424e-01
    1.3198863286236525e-03 -1.2311711320100540e+02
    -3.8862129081552766e+01 2.9842334741006300e+02
    -3.2224871650251968e-01 4.6874541915230772e-02
    -4.2165909298350700e-02 -1.1946864051413868e+02
    -3.8912332145558466e+01 3.0193899425858797e+02
    -3.2293701082163911e-01 5.4099804678125606e-02
    -4.6577346995930108e-02 -1.1818838205039381e+02
    -3.9222453110893404e+01 3.0167408901559077e+02
    -9.3582391377019986e-02 3.0818355793157298e-01
    -3.8890157629891960e-02 -1.0103626288019379e+02
    -4.8645223742075565e+01 3.2450209705381417e+02
    -7.1094175642977028e-02 3.2443966648718481e-01
    -3.3719925358367431e-02 -1.0070976663165604e+02
    -4.8004576734652041e+01 3.2820502895050168e+02
    -2.9812213876716693e-02 3.7690337329713786e-01
    -2.6743939364982729e-02 -1.0071822868043623e+02
    -4.8339870575170750e+01 3.3155468449176806e+02
    -9.8083987347390589e-03 4.1098645997491806e-01
    -2.0609481265754730e-02 -1.0000224801617648e+02
    -4.7803882508146629e+01 3.3324073614156680e+02
    3.3032765783137924e-01 1.3709934838124835e-01
    -1.6514138972302441e-02 -1.1359421097353091e+02
    -6.0870225649416660e+01 2.9811703747765591e+02
    4.4127909609644483e-01 9.5067606963728526e-02
    -8.6275031336974645e-03 -1.2258060414638632e+02
    -6.5689874211746385e+01 2.8257161190819335e+02
    4.4181084474708326e-01 7.8893456488751623e-02
    -7.0956901644054562e-03 -1.2350809712111683e+02
    -6.5392513620688959e+01 2.8309234799142087e+02
    4.4175157852779273e-01 6.4247414055327162e-02
    -6.2152630640789118e-03 -1.2495971846520207e+02
    -6.4940435853069431e+01 2.8313324594611720e+02
    -5.6269358752732768e-01 2.7235187145358376e-02
    -7.0202923081735202e-02 -1.0319094705973318e+02
    -2.4847625286622183e+01 2.8737397231204153e+02
    -6.7191599407681921e-02 -1.9523863005618236e-01
    1.2963689006676334e-02 -1.3306402866514233e+02
    -2.7239736776561653e+01 3.1619474476720637e+02
    -4.4545388792559329e-02 -2.9334823011213412e-01
    1.0938342947869202e-02 -1.0107537792901400e+02
    -3.4076581847420691e+01 2.9766403249713488e+02
    -4.2528483723103590e-02 -3.0001870347834747e-01
    1.2300096271865136e-02 -1.0109678576086060e+02
    -3.4484510408414863e+01 2.9623437416171123e+02
    -4.2787763326318146e-02 -3.0847029686647004e-01
    1.3309087353083865e-02 -1.0061180932159354e+02
    -3.4859642212621139e+01 2.9450013752020203e+02
    -4.2636549283654054e-02 -3.0851458415873562e-01
    1.3357237840388454e-02 -1.0058359403244349e+02
    -3.4858404806153899e+01 2.9441256049024116e+02</data></extrinsic_parameters>
